  -0.000002 -0.352740 1.416211
  -0.000002 0.387798 2.049824
  -0.297999 0.387798 1.772118
  -0.122722 -0.352740 1.301856
  0.122718 -0.352740 1.301856
  0.297995 0.387798 1.772118
  0.238595 -0.352740 1.169133
  0.439125 0.387798 1.610479
  0.346650 -0.352740 1.019173
  0.570711 0.387798 1.427860
  0.445949 -0.352740 0.853273
  0.691654 0.387798 1.225807
  0.535658 -0.352740 0.672808
  0.800900 0.387798 1.006027
  0.615007 -0.352740 0.479350
  0.897542 0.387798 0.770415
  0.683328 -0.352740 0.274533
  0.980757 0.387798 0.520970
  0.740044 -0.352740 0.060082
  1.049820 0.387798 0.259799
  0.784660 -0.352740 -0.162156
  1.104154 0.387798 -0.010868
  0.816801 -0.352740 -0.390318
  1.143302 0.387798 -0.288726
  0.836192 -0.352740 -0.622434
  1.166925 0.387798 -0.571424
  0.842677 -0.352740 -0.856535
  1.174472 0.387798 -0.843770
  0.842677 -0.352740 -3.129280
  1.174472 0.387798 -3.129280
  -0.842680 -0.352740 -3.129280
  -0.238599 -0.352740 1.169133
  -0.346645 -0.352740 1.019173
  -0.445944 -0.352740 0.853273
  -0.535653 -0.352740 0.672808
  -0.615011 -0.352740 0.479350
  -0.683332 -0.352740 0.274533
  -0.740039 -0.352740 0.060082
  -0.784655 -0.352740 -0.162156
  -0.816796 -0.352740 -0.390318
  -0.836196 -0.352740 -0.622434
  -0.842681 -0.352740 -0.856535
  -1.174467 0.387798 -3.129280
  -1.174467 0.387798 -0.843771
  -1.340365 0.387798 -0.837389
  -1.174467 0.387798 -3.300081
  -1.174467 0.387798 -3.751259
  -1.340365 0.387798 -3.958855
  1.174472 0.387798 -3.751259
  1.340361 0.387798 -3.958855
  1.340361 0.387798 -0.837389
  0.951200 -0.502202 -3.310173
  0.951199 -0.502202 -0.852366
  -0.951194 -0.502202 -3.310173
  -0.951194 -0.502202 -0.852366
  -1.332286 0.387798 -0.545912
  -0.944370 -0.502202 -0.605746
  -1.306557 0.387798 -0.237945
  -0.923587 -0.502202 -0.357080
  -1.263910 0.387798 0.064769
  -0.889156 -0.502202 -0.112673
  -1.204712 0.387798 0.359651
  -0.841362 -0.502202 0.125397
  -1.129466 0.387798 0.644181
  -0.780606 -0.502202 0.355132
  -1.038814 0.387798 0.915947
  -0.707412 -0.502202 0.574544
  -0.933525 0.387798 1.172645
  -0.622412 -0.502202 0.781805
  -0.814497 0.387798 1.412074
  -0.526310 -0.502202 0.975110
  -0.682746 0.387798 1.632204
  -0.419931 -0.502202 1.152842
  -0.539380 0.387798 1.831159
  -0.304181 -0.502202 1.313490
  -0.385638 0.387798 2.007258
  -0.180051 -0.502202 1.455664
  -0.000002 0.387798 2.366630
  -0.000002 -0.502202 1.623441
  0.385633 0.387798 2.007258
  0.180047 -0.502202 1.455664
  0.539386 0.387798 1.831159
  0.304187 -0.502202 1.313490
  0.682751 0.387798 1.632204
  0.419927 -0.502202 1.152842
  0.814502 0.387798 1.412074
  0.526306 -0.502202 0.975110
  0.933530 0.387798 1.172645
  0.622408 -0.502202 0.781805
  1.038819 0.387798 0.915947
  0.707418 -0.502202 0.574545
  1.129462 0.387798 0.644181
  0.780612 -0.502202 0.355132
  1.204708 0.387798 0.359651
  0.841358 -0.502202 0.125397
  1.263906 0.387798 0.064769
  0.889152 -0.502202 -0.112673
  1.306553 0.387798 -0.237945
  0.923592 -0.502202 -0.357080
  1.332291 0.387798 -0.545911
  0.944366 -0.502202 -0.605746
  1.174472 0.387798 -3.300081
  1.174472 0.147798 -3.300081
  1.174472 0.147798 -3.751259
  -1.174467 0.147798 -3.300081
  -1.174467 0.147798 -3.751259
  -0.439120 0.387798 1.610479
  -0.570716 0.387798 1.427860
  -0.691649 0.387798 1.225807
  -0.800904 0.387798 1.006027
  -0.897547 0.387798 0.770415
  -0.980752 0.387798 0.520970
  -1.049824 0.387798 0.259799
  -1.104159 0.387798 -0.010868
  -1.143306 0.387798 -0.288726
  -1.166929 0.387798 -0.571424